10001
10003
10005
10021
10023
10074
10076
10096
10098
10126
10158
1018
10197
1019
1020
1022
10238
10260
10289
10349
10412
10461
10483
10487
10575
10607
10615
10651
10687
10705
10715
10731
10797
10819
10821
10839
10943
10945
10953
10987
1100
1102
11044
11052
11070
11072
11074
11076
11096
11098
11123
1114
11193
11330
11332
11334
11336
11338
11340
11346
11350
11352
11354
11414
11416
11467
11560
11562
11578
11606
11673
11675
11681
11691
11749
11803
11805
11807
11831
11833
11877
11913
11939
11941
11968
11970
12076
12100
12108
12194
12210
12216
12218
12336
12346
12399
12474
12527
1260
12625
12774
12784
12790
12792
12794
12802
13026
13028
1302
13032
13040
1304
13208
13390
13398
13820
13963
14066
14068
14070
14243
14262
14392
14621
1471
14845
15049
15055
15476
16450
16462
16792
1763
17674
17706
17834
17836
17872
17874
18136
18166
18344
18413
1845
1849
18606
18789
18877
19066
19068
19072
19243
19295
19351
19511
1951
1953
19545
1961
1963
19749
19758
19760
19772
19856
19988
20008
20020
20026
20036
20061
20076
20104
20110
20112
20118
20298
2035
2037
2039
20611
20619
20621
20623
20631
20633
20892
20896
20910
21010
21225
21227
21229
21231
21287
21870
21872
21874
21878
2215
22189
2223
22254
22256
2227
22291
2229
2231
2233
2261
2263
22646
22650
2265
22707
2291
22929
22935
22937
2293
23163
23175
2322
23412
23420
23658
23846
24273
24277
24329
24331
2442
24583
24679
24855
24873
24955
25081
25317
25431
25796
2606
26203
26969
27059
27209
27957
28130
28501
28609
28625
28716
28764
28864
2888
28910
29196
29334
29428
29496
29530
3091
3095
3101
3191
3295
3325
3327
3427
3431
3435
3437
3471
3473
3499
3511
3557
3619
3633
3641
3737
3759
3831
3835
3837
3967
3981
4178
4357
4414
4466
4468
4470
4472
4474
4476
4478
4557
4573
4607
4616
4620
4622
4624
4660
4776
4798
4800
5028
5123
5229
5293
5295
5297
5299
5325
5353
5377
5379
5469
5471
5473
5499
5511
5513
5527
5545
5549
5563
5565
5628
5662
5690
5708
5776
5807
5865
5878
5888
5906
5912
5916
6023
6025
6029
6035
6037
6039
6041
6043
6087
6089
6095
6127
6131
6133
6135
6139
6149
6187
6189
6191
6195
6197
6203
6223
6227
6276
6278
6286
6342
6344
6348
6350
6352
6384
6388
6390
6392
6394
6416
6418
6422
6424
6426
6430
6432
6434
6463
6465
6525
6527
6529
6533
6584
6586
6628
6673
6675
6677
6679
6681
6693
6697
6731
6771
6781
6805
6832
6850
6898
6906
6931
6933
6937
6967
7021
7110
713
7169
7181
7251
7257
7334
7336
739
7450
7473
753
7581
7585
7611
7623
7641
7671
7723
7743
7745
7751
7767
7769
7775
7833
7835
7837
7839
787
7917
7963
7979
797
8046
8048
8058
8074
8076
8084
8279
8281
8291
8297
8310
8369
8433
8482
8542
8648
8673
8753
8755
8919
8974
8995
9001
9202
9228
9230
9234
9260
9266
9276
9282
9284
9290
9336
9459
9461
9489
9675
9689
9720
9773
9866
9920
